;		Fight	Parameter																																
#ignore	\o042			; 인용부호 무시																															
#exchange	#	\x20		; # => space																															
;		2005.03.01																																	
#table	Param																																		
#columntype	Dword	Dword	Dword	Dword	Dword	Dword	Dword	Dword	Dword	Dword	Dword	Dword	Dword	Dword	Dword	Dword	Dword	Dword	Dword	Dword	Dword	Dword	Dword	Dword	Dword	Dword	Dword	Dword	Dword	Word	Word	DWord	DWord		
#columnname	Level	Strength	Constitution	Intelligence	Wizdom	Dexterity	MentalPower	SoulHP	MAXSoulHP	PriceHPStone	SoulSP	MAXSoulSP	PriceSPStone	AtkPerAP	DmgPerAP	MaxPwrStone	NumPwrStone	PricePwrStone	PwrStoneWC	PwrStoneMA	MaxGrdStone	NumGrdStone	PriceGrdStone	GrdStoneAC	GrdStoneMR	PainRes	RestraintRes	CurseRes	ShockRes	MaxHP	MaxSP	CharTitlePt	SkillPwrPt		
#record	1 	4 	4 	1 	0 	6 	3 	32 	13 	3 	19 	11 	1 	0 	0 	0 	0 	0 	0 	0 	0 	0 	0 	0 	0 	0 	0 	0 	0 	46 	24 	1 	0 		
#record	2 	6 	4 	2 	0 	8 	4 	35 	13 	4 	31 	12 	2 	0 	0 	0 	0 	0 	0 	0 	0 	0 	0 	0 	0 	0 	0 	0 	0 	51 	39 	1 	0 		
#record	3 	8 	6 	3 	0 	11 	6 	46 	14 	5 	46 	13 	3 	0 	0 	0 	0 	0 	0 	0 	0 	0 	0 	0 	0 	0 	0 	0 	0 	67 	58 	1 	1 		
#record	4 	10 	7 	4 	0 	13 	7 	54 	15 	6 	58 	14 	3 	0 	0 	0 	0 	0 	0 	0 	0 	0 	0 	0 	0 	0 	0 	0 	0 	78 	73 	1 	1 		
#record	5 	12 	9 	5 	0 	16 	8 	67 	16 	7 	69 	15 	4 	0 	0 	0 	0 	0 	0 	0 	0 	0 	0 	0 	0 	0 	0 	0 	0 	97 	87 	1 	2 		
#record	6 	14 	10 	6 	0 	18 	10 	78 	17 	8 	85 	17 	4 	0 	0 	0 	0 	0 	0 	0 	0 	0 	0 	0 	0 	0 	0 	0 	0 	112 	107 	2 	2 		
#record	7 	16 	11 	7 	0 	20 	11 	89 	18 	9 	97 	18 	5 	0 	0 	0 	0 	0 	0 	0 	0 	0 	0 	0 	0 	0 	0 	0 	0 	128 	121 	2 	3 		
#record	8 	18 	13 	8 	0 	23 	12 	103 	19 	10 	108 	19 	6 	0 	0 	0 	0 	0 	0 	0 	0 	0 	0 	0 	0 	0 	0 	0 	0 	148 	136 	2 	3 		
#record	9 	20 	14 	9 	0 	25 	14 	114 	20 	11 	124 	20 	6 	0 	0 	0 	0 	0 	0 	0 	0 	0 	0 	0 	0 	0 	0 	0 	0 	163 	155 	2 	4 		
#record	10 	22 	16 	10 	0 	28 	15 	128 	22 	12 	135 	21 	7 	0 	0 	0 	0 	0 	0 	0 	0 	0 	0 	0 	0 	0 	0 	0 	0 	184 	170 	2 	4 
#record	11 	24 	17 	11 	0 	30 	16 	139 	23 	13 	147 	22 	7 	0 	0 	0 	0 	0 	0 	0 	0 	0 	0 	0 	0 	0 	0 	0 	0 	199 	184 	2 	5 
#record	12 	26 	18 	12 	0 	32 	18 	150 	24 	14 	163 	23 	8 	0 	0 	0 	0 	0 	0 	0 	0 	0 	0 	0 	0 	0 	0 	0 	0 	215 	204 	3 	5 
#record	13 	28 	20 	13 	0 	35 	19 	164 	25 	15 	174 	24 	9 	0 	0 	0 	0 	0 	0 	0 	0 	0 	0 	0 	0 	0 	0 	0 	0 	235 	218 	3 	6 
#record	14 	30 	21 	14 	0 	37 	20 	175 	26 	16 	186 	25 	9 	0 	0 	0 	0 	0 	0 	0 	0 	0 	0 	0 	0 	0 	0 	0 	0 	250 	233 	3 	6 
#record	15 	31 	23 	15 	0 	40 	22 	189 	28 	17 	201 	26 	10 	0 	0 	0 	0 	0 	0 	0 	0 	0 	0 	0 	0 	0 	0 	0 	0 	271 	252 	3 	7 
#record	16 	33 	24 	16 	0 	42 	23 	200 	29 	18 	213 	27 	10 	0 	0 	0 	0 	0 	0 	0 	0 	0 	0 	0 	0 	0 	0 	0 	0 	286 	267 	3 	7 
#record	17 	35 	25 	17 	0 	44 	24 	210 	30 	19 	225 	28 	11 	0 	0 	0 	0 	0 	0 	0 	0 	0 	0 	0 	0 	0 	0 	0 	0 	301 	281 	3 	8 
#record	18 	37 	27 	18 	0 	47 	26 	225 	31 	20 	240 	30 	12 	0 	0 	0 	0 	0 	0 	0 	0 	0 	0 	0 	0 	0 	0 	0 	0 	322 	301 	4 	8 
#record	19 	39 	28 	19 	0 	49 	27 	236 	32 	21 	252 	31 	12 	0 	0 	0 	0 	0 	0 	0 	0 	0 	0 	0 	0 	0 	0 	0 	0 	337 	315 	4 	9 
#record	20 	43 	31 	21 	0 	52 	30 	253 	46 	24 	271 	32 	14 	0 	0 	0 	0 	0 	0 	0 	0 	0 	0 	0 	0 	0 	0 	0 	0 	363 	340 	4 	9 
#record	21 	46 	34 	23 	0 	56 	33 	271 	48 	27 	291 	34 	16 	0 	0 	0 	0 	0 	0 	0 	0 	0 	0 	0 	0 	0 	0 	0 	0 	388 	364 	4 	10 
#record	22 	50 	37 	25 	0 	59 	35 	289 	55 	27 	307 	35 	18 	0 	0 	0 	0 	0 	0 	0 	0 	0 	0 	0 	0 	0 	0 	0 	0 	413 	384 	4 	10 
#record	23 	53 	40 	27 	0 	62 	38 	307 	58 	28 	326 	37 	19 	0 	0 	0 	0 	0 	0 	0 	0 	0 	0 	0 	0 	0 	0 	0 	0 	439 	408 	4 	11 
#record	24 	57 	42 	29 	0 	65 	41 	321 	67 	28 	346 	38 	21 	0 	0 	0 	0 	0 	0 	0 	0 	0 	0 	0 	0 	0 	0 	0 	0 	459 	433 	4 	11 
#record	25 	60 	45 	31 	0 	68 	43 	339 	70 	31 	361 	40 	23 	0 	0 	0 	0 	0 	0 	0 	0 	0 	0 	0 	0 	0 	0 	0 	0 	484 	452 	5 	12 
#record	26 	64 	48 	32 	0 	72 	46 	356 	73 	33 	381 	41 	25 	0 	0 	0 	0 	0 	0 	0 	0 	0 	0 	0 	0 	0 	0 	0 	0 	510 	477 	5 	12 
#record	27 	67 	51 	34 	0 	75 	49 	374 	86 	36 	401 	81 	27 	0 	0 	0 	0 	0 	0 	0 	0 	0 	0 	0 	0 	0 	0 	0 	0 	535 	501 	5 	13 
#record	28 	71 	54 	36 	0 	78 	51 	392 	90 	38 	416 	84 	28 	0 	0 	0 	0 	0 	0 	0 	0 	0 	0 	0 	0 	0 	0 	0 	0 	561 	521 	5 	13 
#record	29 	74 	56 	38 	0 	81 	54 	406 	92 	40 	436 	87 	30 	0 	0 	0 	0 	0 	0 	0 	0 	0 	0 	0 	0 	0 	0 	0 	0 	581 	545 	5 	14 
#record	30 	78 	59 	40 	0 	84 	57 	424 	96 	43 	455 	91 	32 	0 	0 	0 	0 	0 	0 	0 	0 	0 	0 	0 	0 	0 	0 	0 	0 	606 	570 	5 	14 
#record	31 	81 	62 	42 	0 	88 	60 	442 	100 	45 	475 	94 	34 	0 	0 	0 	0 	0 	0 	0 	0 	0 	0 	0 	0 	0 	0 	0 	0 	632 	594 	6 	15 
#record	32 	85 	65 	43 	0 	91 	62 	459 	103 	48 	491 	97 	36 	0 	0 	0 	0 	0 	0 	0 	0 	0 	0 	0 	0 	0 	0 	0 	0 	657 	614 	6 	15 
#record	33 	88 	68 	45 	0 	94 	65 	477 	107 	50 	510 	101 	37 	0 	0 	0 	0 	0 	0 	0 	0 	0 	0 	0 	0 	0 	0 	0 	0 	682 	638 	6 	16 
#record	34 	92 	70 	47 	0 	97 	68 	491 	110 	52 	530 	104 	39 	0 	0 	0 	0 	0 	0 	0 	0 	0 	0 	0 	0 	0 	0 	0 	0 	703 	663 	6 	16 
#record	35 	95 	73 	49 	0 	100 	70 	509 	114 	55 	545 	107 	41 	0 	0 	0 	0 	0 	0 	0 	0 	0 	0 	0 	0 	0 	0 	0 	0 	728 	682 	6 	17 
#record	36 	99 	76 	51 	0 	104 	73 	527 	117 	57 	565 	110 	43 	0 	0 	0 	0 	0 	0 	0 	0 	0 	0 	0 	0 	0 	0 	0 	0 	754 	707 	6 	17 
#record	37 	102 	79 	53 	0 	107 	76 	545 	121 	60 	585 	114 	45 	0 	0 	0 	0 	0 	0 	0 	0 	0 	0 	0 	0 	0 	0 	0 	0 	779 	731 	7 	18 
#record	38 	106 	82 	54 	0 	110 	78 	563 	124 	62 	600 	117 	46 	0 	0 	0 	0 	0 	0 	0 	0 	0 	0 	0 	0 	0 	0 	0 	0 	804 	751 	7 	18 
#record	39 	109 	84 	56 	0 	113 	81 	577 	127 	64 	620 	120 	48 	0 	0 	0 	0 	0 	0 	0 	0 	0 	0 	0 	0 	0 	0 	0 	0 	825 	775 	7 	19 
#record	40 	113 	87 	58 	0 	116 	84 	595 	131 	67 	639 	124 	50 	0 	0 	0 	0 	0 	0 	0 	0 	0 	0 	0 	0 	0 	0 	0 	0 	850 	800 	7 	19 
#record	41 	117 	90 	60 	0 	120 	87 	612 	135 	69 	659 	127 	52 	0 	0 	0 	0 	0 	0 	0 	0 	0 	0 	0 	0 	0 	0 	0 	0 	875 	824 	7 	20 
#record	42 	120 	93 	62 	0 	123 	89 	630 	138 	72 	675 	130 	54 	0 	0 	0 	0 	0 	0 	0 	0 	0 	0 	0 	0 	0 	0 	0 	0 	901 	844 	7 	20 
#record	43 	124 	96 	64 	0 	126 	92 	648 	142 	74 	694 	134 	55 	0 	0 	0 	0 	0 	0 	0 	0 	0 	0 	0 	0 	0 	0 	0 	0 	926 	868 	7 	21 
#record	44 	127 	98 	65 	0 	129 	95 	662 	145 	76 	714 	137 	57 	0 	0 	0 	0 	0 	0 	0 	0 	0 	0 	0 	0 	0 	0 	0 	0 	947 	893 	8 	21 
#record	45 	131 	101 	67 	0 	132 	97 	680 	148 	79 	729 	140 	59 	0 	0 	0 	0 	0 	0 	0 	0 	0 	0 	0 	0 	0 	0 	0 	0 	972 	912 	8 	22 
#record	46 	134 	104 	69 	0 	136 	100 	698 	152 	81 	749 	143 	61 	0 	0 	0 	0 	0 	0 	0 	0 	0 	0 	0 	0 	0 	0 	0 	0 	997 	937 	8 	22 
#record	47 	138 	107 	71 	0 	139 	103 	715 	156 	84 	769 	147 	63 	0 	0 	0 	0 	0 	0 	0 	0 	0 	0 	0 	0 	0 	0 	0 	0 	1023 	961 	8 	23 
#record	48 	141 	110 	73 	0 	142 	105 	733 	159 	86 	784 	150 	65 	0 	0 	0 	0 	0 	0 	0 	0 	0 	0 	0 	0 	0 	0 	0 	0 	1048 	981 	8 	23 
#record	49 	145 	113 	75 	0 	145 	108 	751 	163 	88 	804 	153 	66 	0 	0 	0 	0 	0 	0 	0 	0 	0 	0 	0 	0 	0 	0 	0 	0 	1074 	1005 	8 	24 
#record	50 	148 	115 	76 	0 	148 	111 	765 	166 	91 	823 	157 	68 	0 	0 	0 	0 	0 	0 	0 	0 	0 	0 	0 	0 	0 	0 	0 	0 	1094 	1030 	9 	24 
#record	51 	152 	118 	78 	0 	152 	114 	783 	169 	105 	843 	160 	80 	0 	0 	0 	0 	0 	0 	0 	0 	0 	0 	0 	0 	0 	0 	0 	0 	1119 	1054 	9 	25 
#record	52 	155 	121 	80 	0 	155 	116 	801 	173 	108 	859 	163 	82 	0 	0 	0 	0 	0 	0 	0 	0 	0 	0 	0 	0 	0 	0 	0 	0 	1145 	1074 	9 	25 
#record	53 	159 	124 	82 	0 	158 	119 	819 	177 	110 	878 	166 	84 	0 	0 	0 	0 	0 	0 	0 	0 	0 	0 	0 	0 	0 	0 	0 	0 	1170 	1098 	9 	26 
#record	54 	162 	127 	84 	0 	161 	122 	836 	180 	113 	898 	170 	86 	0 	0 	0 	0 	0 	0 	0 	0 	0 	0 	0 	0 	0 	0 	0 	0 	1195 	1123 	9 	26 
#record	55 	166 	129 	86 	0 	165 	124 	851 	183 	116 	913 	173 	88 	0 	0 	0 	0 	0 	0 	0 	0 	0 	0 	0 	0 	0 	0 	0 	0 	1216 	1142 	9 	27 
#record	56 	169 	132 	87 	0 	168 	127 	868 	187 	118 	933 	176 	90 	0 	0 	0 	0 	0 	0 	0 	0 	0 	0 	0 	0 	0 	0 	0 	0 	1241 	1167 	10 	27 
#record	57 	173 	135 	89 	0 	171 	130 	886 	190 	121 	953 	180 	92 	0 	0 	0 	0 	0 	0 	0 	0 	0 	0 	0 	0 	0 	0 	0 	0 	1267 	1191 	10 	28 
#record	58 	176 	138 	91 	0 	174 	132 	904 	194 	124 	968 	182 	94 	0 	0 	0 	0 	0 	0 	0 	0 	0 	0 	0 	0 	0 	0 	0 	0 	1292 	1211 	10 	28 
#record	59 	180 	141 	93 	0 	177 	135 	922 	198 	126 	988 	186 	97 	0 	0 	0 	0 	0 	0 	0 	0 	0 	0 	0 	0 	0 	0 	0 	0 	1317 	1235 	10 	29 
#record	60 	184 	144 	95 	0 	181 	139 	939 	201 	174 	1011 	190 	137 	0 	0 	0 	0 	0 	0 	0 	0 	0 	0 	0 	0 	0 	0 	0 	0 	1343 	1265 	10 	29 
#record	61 	189 	148 	98 	0 	185 	142 	961 	206 	178 	1031 	194 	140 	0 	0 	0 	0 	0 	0 	0 	0 	0 	0 	0 	0 	0 	0 	0 	0 	1373 	1289 	10 	30 
#record	62 	194 	151 	100 	0 	189 	145 	978 	209 	183 	1051 	197 	144 	0 	0 	0 	0 	0 	0 	0 	0 	0 	0 	0 	0 	0 	0 	0 	0 	1398 	1314 	11 	30 
#record	63 	198 	155 	103 	0 	193 	149 	1000 	214 	188 	1074 	201 	148 	0 	0 	0 	0 	0 	0 	0 	0 	0 	0 	0 	0 	0 	0 	0 	0 	1429 	1343 	11 	31 
#record	64 	203 	158 	105 	0 	197 	152 	1017 	217 	193 	1094 	205 	152 	0 	0 	0 	0 	0 	0 	0 	0 	0 	0 	0 	0 	0 	0 	0 	0 	1454 	1368 	11 	31 
#record	65 	208 	162 	108 	0 	201 	155 	1039 	222 	198 	1113 	208 	156 	0 	0 	0 	0 	0 	0 	0 	0 	0 	0 	0 	0 	0 	0 	0 	0 	1485 	1392 	11 	32 
#record	66 	212 	165 	110 	0 	205 	159 	1056 	225 	202 	1137 	213 	159 	0 	0 	0 	0 	0 	0 	0 	0 	0 	0 	0 	0 	0 	0 	0 	0 	1510 	1422 	11 	32 
#record	67 	217 	169 	113 	0 	209 	162 	1078 	230 	207 	1157 	216 	163 	0 	0 	0 	0 	0 	0 	0 	0 	0 	0 	0 	0 	0 	0 	0 	0 	1540 	1446 	11 	33 
#record	68 	222 	172 	115 	0 	213 	166 	1095 	233 	212 	1180 	220 	167 	0 	0 	0 	0 	0 	0 	0 	0 	0 	0 	0 	0 	0 	0 	0 	0 	1566 	1476 	11 	33 
#record	69 	226 	176 	117 	0 	217 	169 	1117 	238 	217 	1200 	224 	171 	0 	0 	0 	0 	0 	0 	0 	0 	0 	0 	0 	0 	0 	0 	0 	0 	1596 	1500 	12 	34 
#record	70 	231 	179 	120 	0 	221 	172 	1135 	241 	222 	1219 	227 	175 	0 	0 	0 	0 	0 	0 	0 	0 	0 	0 	0 	0 	0 	0 	0 	0 	1621 	1525 	12 	34 
#record	71 	236 	183 	122 	0 	225 	176 	1156 	245 	226 	1243 	232 	178 	0 	0 	0 	0 	0 	0 	0 	0 	0 	0 	0 	0 	0 	0 	0 	0 	1652 	1554 	12 	35 
#record	72 	241 	186 	125 	0 	229 	179 	1174 	249 	231 	1262 	235 	182 	0 	0 	0 	0 	0 	0 	0 	0 	0 	0 	0 	0 	0 	0 	0 	0 	1677 	1579 	12 	35 
#record	73 	245 	190 	127 	0 	233 	182 	1195 	253 	236 	1282 	239 	186 	0 	0 	0 	0 	0 	0 	0 	0 	0 	0 	0 	0 	0 	0 	0 	0 	1708 	1603 	12 	36 
#record	74 	250 	193 	130 	0 	237 	186 	1213 	257 	241 	1306 	243 	190 	0 	0 	0 	0 	0 	0 	0 	0 	0 	0 	0 	0 	0 	0 	0 	0 	1733 	1633 	12 	36 
#record	75 	255 	197 	132 	0 	241 	189 	1234 	261 	246 	1325 	246 	193 	0 	0 	0 	0 	0 	0 	0 	0 	0 	0 	0 	0 	0 	0 	0 	0 	1763 	1657 	13 	37 
#record	76 	259 	200 	135 	0 	245 	193 	1252 	265 	250 	1349 	250 	197 	0 	0 	0 	0 	0 	0 	0 	0 	0 	0 	0 	0 	0 	0 	0 	0 	1789 	1687 	13 	37 
#record	77 	264 	204 	137 	0 	249 	196 	1273 	269 	255 	1368 	254 	201 	0 	0 	0 	0 	0 	0 	0 	0 	0 	0 	0 	0 	0 	0 	0 	0 	1819 	1711 	13 	38 
#record	78 	269 	207 	139 	0 	253 	199 	1291 	273 	260 	1388 	257 	205 	0 	0 	0 	0 	0 	0 	0 	0 	0 	0 	0 	0 	0 	0 	0 	0 	1844 	1736 	13 	38 
#record	79 	273 	211 	142 	0 	257 	203 	1312 	277 	265 	1412 	262 	209 	0 	0 	0 	0 	0 	0 	0 	0 	0 	0 	0 	0 	0 	0 	0 	0 	1875 	1765 	13 	39 
#record	80 	278 	214 	144 	0 	261 	206 	1330 	281 	270 	1431 	265 	212 	0 	0 	0 	0 	0 	0 	0 	0 	0 	0 	0 	0 	0 	0 	0 	0 	1900 	1790 	13 	39 
#record	81 	283 	218 	147 	0 	265 	209 	1351 	285 	274 	1451 	269 	216 	0 	0 	0 	0 	0 	0 	0 	0 	0 	0 	0 	0 	0 	0 	0 	0 	1931 	1814 	14 	40 
#record	82 	287 	221 	149 	0 	269 	213 	1369 	289 	279 	1474 	273 	220 	0 	0 	0 	0 	0 	0 	0 	0 	0 	0 	0 	0 	0 	0 	0 	0 	1956 	1844 	14 	40 
#record	83 	292 	225 	152 	0 	273 	216 	1390 	293 	284 	1494 	276 	224 	0 	0 	0 	0 	0 	0 	0 	0 	0 	0 	0 	0 	0 	0 	0 	0 	1986 	1868 	14 	41 
#record	84 	297 	228 	154 	0 	277 	220 	1408 	297 	289 	1518 	281 	227 	0 	0 	0 	0 	0 	0 	0 	0 	0 	0 	0 	0 	0 	0 	0 	0 	2012 	1898 	14 	41 
#record	85 	301 	232 	157 	0 	281 	223 	1429 	301 	294 	1537 	284 	231 	0 	0 	0 	0 	0 	0 	0 	0 	0 	0 	0 	0 	0 	0 	0 	0 	2042 	1922 	14 	42 
#record	86 	306 	235 	159 	0 	285 	226 	1447 	305 	298 	1557 	288 	235 	0 	0 	0 	0 	0 	0 	0 	0 	0 	0 	0 	0 	0 	0 	0 	0 	2067 	1947 	14 	42 
#record	87 	311 	239 	161 	0 	289 	230 	1468 	309 	303 	1580 	292 	239 	0 	0 	0 	0 	0 	0 	0 	0 	0 	0 	0 	0 	0 	0 	0 	0 	2098 	1976 	14 	43 
#record	88 	315 	242 	164 	0 	293 	233 	1486 	313 	308 	1600 	295 	243 	0 	0 	0 	0 	0 	0 	0 	0 	0 	0 	0 	0 	0 	0 	0 	0 	2123 	2001 	15 	43 
#record	89 	320 	246 	166 	0 	297 	236 	1507 	317 	313 	1620 	299 	246 	0 	0 	0 	0 	0 	0 	0 	0 	0 	0 	0 	0 	0 	0 	0 	0 	2154 	2025 	15 	44 
#record	90 	325 	249 	169 	0 	301 	240 	1525 	321 	318 	1643 	303 	250 	0 	0 	0 	0 	0 	0 	0 	0 	0 	0 	0 	0 	0 	0 	0 	0 	2179 	2055 	15 	44 
#record	91 	329 	253 	171 	0 	305 	243 	1546 	325 	322 	1663 	307 	254 	0 	0 	0 	0 	0 	0 	0 	0 	0 	0 	0 	0 	0 	0 	0 	0 	2209 	2079 	15 	45 
#record	92 	334 	256 	174 	0 	309 	247 	1564 	329 	327 	1686 	311 	258 	0 	0 	0 	0 	0 	0 	0 	0 	0 	0 	0 	0 	0 	0 	0 	0 	2235 	2109 	15 	45 
#record	93 	339 	260 	176 	0 	313 	250 	1585 	333 	332 	1706 	314 	262 	0 	0 	0 	0 	0 	0 	0 	0 	0 	0 	0 	0 	0 	0 	0 	0 	2265 	2133 	15 	46 
#record	94 	343 	263 	179 	0 	317 	253 	1603 	337 	337 	1726 	318 	265 	0 	0 	0 	0 	0 	0 	0 	0 	0 	0 	0 	0 	0 	0 	0 	0 	2291 	2158 	16 	46 
#record	95 	348 	267 	181 	0 	322 	257 	1624 	341 	342 	1749 	322 	269 	0 	0 	0 	0 	0 	0 	0 	0 	0 	0 	0 	0 	0 	0 	0 	0 	2321 	2187 	16 	47 
#record	96 	353 	270 	184 	0 	326 	260 	1642 	345 	346 	1769 	325 	273 	0 	0 	0 	0 	0 	0 	0 	0 	0 	0 	0 	0 	0 	0 	0 	0 	2346 	2212 	16 	47 
#record	97 	358 	274 	186 	0 	330 	263 	1663 	349 	351 	1788 	329 	277 	0 	0 	0 	0 	0 	0 	0 	0 	0 	0 	0 	0 	0 	0 	0 	0 	2377 	2236 	16 	48 
#record	98 	362 	277 	188 	0 	334 	267 	1681 	353 	356 	1812 	333 	280 	0 	0 	0 	0 	0 	0 	0 	0 	0 	0 	0 	0 	0 	0 	0 	0 	2402 	2266 	16 	48 
#record	99 	367 	281 	191 	0 	338 	270 	1702 	357 	361 	1832 	337 	284 	0 	0 	0 	0 	0 	0 	0 	0 	0 	0 	0 	0 	0 	0 	0 	0 	2432 	2290 	16 	49 
#record	100 	372 	285 	193 	0 	342 	274 	1723 	361 	366 	1855 	341 	288 	0 	0 	0 	0 	0 	0 	0 	0 	0 	0 	0 	0 	0 	0 	0 	0 	2463 	2320 	17 	49 
#record	101 	376 	288 	196 	0 	346 	277 	1741 	365 	370 	1875 	344 	292 	0 	0 	0 	0 	0 	0 	0 	0 	0 	0 	0 	0 	0 	0 	0 	0 	2488 	2344 	17 	50 
#record	102 	381 	292 	198 	0 	350 	280 	1762 	369 	375 	1894 	348 	296 	0 	0 	0 	0 	0 	0 	0 	0 	0 	0 	0 	0 	0 	0 	0 	0 	2519 	2369 	17 	50 
#record	103 	386 	295 	201 	0 	354 	284 	1780 	373 	380 	1918 	352 	299 	0 	0 	0 	0 	0 	0 	0 	0 	0 	0 	0 	0 	0 	0 	0 	0 	2544 	2398 	17 	51 
#record	104 	390 	299 	203 	0 	358 	287 	1802 	377 	385 	1938 	356 	303 	0 	0 	0 	0 	0 	0 	0 	0 	0 	0 	0 	0 	0 	0 	0 	0 	2574 	2423 	17 	51 
#record	105 	395 	302 	206 	0 	362 	290 	1819 	381 	390 	1957 	359 	307 	0 	0 	0 	0 	0 	0 	0 	0 	0 	0 	0 	0 	0 	0 	0 	0 	2600 	2447 	17 	52 
#record	106 	400 	306 	208 	0 	366 	294 	1841 	385 	394 	1981 	363 	311 	0 	0 	0 	0 	0 	0 	0 	0 	0 	0 	0 	0 	0 	0 	0 	0 	2630 	2477 	17 	52 
#record	107 	404 	309 	210 	0 	370 	297 	1858 	389 	399 	2000 	367 	315 	0 	0 	0 	0 	0 	0 	0 	0 	0 	0 	0 	0 	0 	0 	0 	0 	2655 	2501 	18 	53 
#record	108 	409 	313 	213 	0 	374 	301 	1880 	393 	404 	2024 	371 	318 	0 	0 	0 	0 	0 	0 	0 	0 	0 	0 	0 	0 	0 	0 	0 	0 	2686 	2531 	18 	53 
#record	109 	414 	316 	215 	0 	378 	304 	1897 	397 	409 	2044 	375 	322 	0 	0 	0 	0 	0 	0 	0 	0 	0 	0 	0 	0 	0 	0 	0 	0 	2711 	2555 	18 	54 
#record	110 	418 	320 	218 	0 	382 	307 	1919 	401 	414 	2063 	378 	326 	0 	0 	0 	0 	0 	0 	0 	0 	0 	0 	0 	0 	0 	0 	0 	0 	2742 	2580 	18 	54 
#record	111 	423 	323 	220 	0 	386 	311 	1936 	405 	418 	2087 	382 	330 	0 	0 	0 	0 	0 	0 	0 	0 	0 	0 	0 	0 	0 	0 	0 	0 	2767 	2609 	18 	55 
#record	112 	428 	327 	223 	0 	390 	314 	1958 	409 	423 	2106 	386 	333 	0 	0 	0 	0 	0 	0 	0 	0 	0 	0 	0 	0 	0 	0 	0 	0 	2797 	2634 	18 	55 
#record	113 	432 	330 	225 	0 	394 	317 	1975 	413 	428 	2126 	389 	337 	0 	0 	0 	0 	0 	0 	0 	0 	0 	0 	0 	0 	0 	0 	0 	0 	2823 	2658 	19 	56 
#record	114 	437 	334 	228 	0 	398 	321 	1997 	417 	433 	2150 	393 	341 	0 	0 	0 	0 	0 	0 	0 	0 	0 	0 	0 	0 	0 	0 	0 	0 	2853 	2688 	19 	56 
#record	115 	442 	337 	230 	0 	402 	324 	2014 	421 	438 	2169 	397 	345 	0 	0 	0 	0 	0 	0 	0 	0 	0 	0 	0 	0 	0 	0 	0 	0 	2878 	2712 	19 	57 
#record	116 	446 	341 	232 	0 	406 	328 	2036 	425 	442 	2193 	401 	349 	0 	0 	0 	0 	0 	0 	0 	0 	0 	0 	0 	0 	0 	0 	0 	0 	2909 	2742 	19 	57 
#record	117 	451 	344 	235 	0 	410 	331 	2053 	429 	447 	2212 	405 	352 	0 	0 	0 	0 	0 	0 	0 	0 	0 	0 	0 	0 	0 	0 	0 	0 	2934 	2766 	19 	58 
#record	118 	456 	348 	237 	0 	414 	334 	2075 	433 	452 	2232 	408 	356 	0 	0 	0 	0 	0 	0 	0 	0 	0 	0 	0 	0 	0 	0 	0 	0 	2965 	2791 	19 	58 
#record	119 	460 	351 	240 	0 	418 	338 	2092 	437 	457 	2256 	412 	360 	0 	0 	0 	0 	0 	0 	0 	0 	0 	0 	0 	0 	0 	0 	0 	0 	2990 	2820 	20 	59 
#record	120 	465 	355 	242 	0 	422 	341 	2114 	441 	462 	2275 	416 	364 	0 	0 	0 	0 	0 	0 	0 	0 	0 	0 	0 	0 	0 	0 	0 	0 	3020 	2845 	20 	60 
#record	121 	470 	358 	245 	0 	426 	344 	2131 	445 	466 	2295 	419 	367 	0 	0 	0 	0 	0 	0 	0 	0 	0 	0 	0 	0 	0 	0 	0 	0 	3046 	2869 	20 	60 
#record	122 	475 	362 	247 	0 	430 	348 	2153 	449 	471 	2318 	424 	371 	0 	0 	0 	0 	0 	0 	0 	0 	0 	0 	0 	0 	0 	0 	0 	0 	3076 	2899 	20 	61 
#record	123 	479 	365 	250 	0 	434 	351 	2171 	453 	476 	2338 	427 	375 	0 	0 	0 	0 	0 	0 	0 	0 	0 	0 	0 	0 	0 	0 	0 	0 	3101 	2923 	20 	61 
#record	124 	484 	369 	252 	0 	438 	355 	2192 	457 	481 	2362 	431 	379 	0 	0 	0 	0 	0 	0 	0 	0 	0 	0 	0 	0 	0 	0 	0 	0 	3132 	2953 	20 	62 
#record	125 	489 	372 	255 	0 	442 	358 	2210 	461 	486 	2381 	435 	383 	0 	0 	0 	0 	0 	0 	0 	0 	0 	0 	0 	0 	0 	0 	0 	0 	3157 	2977 	21 	62 
#record	126 	493 	376 	257 	0 	446 	361 	2231 	465 	490 	2401 	438 	386 	0 	0 	0 	0 	0 	0 	0 	0 	0 	0 	0 	0 	0 	0 	0 	0 	3188 	3002 	21 	63 
#record	127 	498 	379 	259 	0 	450 	365 	2249 	468 	495 	2424 	443 	390 	0 	0 	0 	0 	0 	0 	0 	0 	0 	0 	0 	0 	0 	0 	0 	0 	3213 	3031 	21 	63 
#record	128 	503 	383 	262 	0 	454 	368 	2270 	473 	500 	2444 	446 	394 	0 	0 	0 	0 	0 	0 	0 	0 	0 	0 	0 	0 	0 	0 	0 	0 	3243 	3056 	21 	64 
#record	129 	507 	386 	264 	0 	458 	371 	2288 	476 	505 	2464 	450 	398 	0 	0 	0 	0 	0 	0 	0 	0 	0 	0 	0 	0 	0 	0 	0 	0 	3269 	3080 	21 	64 
#record	130 	512 	390 	267 	0 	462 	375 	2309 	481 	510 	2487 	454 	402 	0 	0 	0 	0 	0 	0 	0 	0 	0 	0 	0 	0 	0 	0 	0 	0 	3299 	3110 	21 	65 
#record	131 	517 	393 	269 	0 	466 	378 	2327 	484 	514 	2507 	457 	405 	0 	0 	0 	0 	0 	0 	0 	0 	0 	0 	0 	0 	0 	0 	0 	0 	3324 	3134 	21 	65 
#record	132 	521 	397 	272 	0 	470 	382 	2348 	489 	519 	2530 	461 	409 	0 	0 	0 	0 	0 	0 	0 	0 	0 	0 	0 	0 	0 	0 	0 	0 	3355 	3164 	22 	66 
#record	133 	526 	400 	274 	0 	474 	385 	2366 	492 	524 	2550 	465 	413 	0 	0 	0 	0 	0 	0 	0 	0 	0 	0 	0 	0 	0 	0 	0 	0 	3380 	3188 	22 	66 
#record	134 	531 	404 	277 	0 	478 	388 	2387 	497 	529 	2570 	468 	417 	0 	0 	0 	0 	0 	0 	0 	0 	0 	0 	0 	0 	0 	0 	0 	0 	3411 	3213 	22 	67 
#record	135 	535 	407 	279 	0 	482 	392 	2405 	500 	534 	2593 	473 	420 	0 	0 	0 	0 	0 	0 	0 	0 	0 	0 	0 	0 	0 	0 	0 	0 	3436 	3242 	22 	67 
#record	136 	540 	411 	281 	0 	486 	395 	2426 	505 	538 	2613 	476 	424 	0 	0 	0 	0 	0 	0 	0 	0 	0 	0 	0 	0 	0 	0 	0 	0 	3466 	3267 	22 	68 
#record	137 	545 	414 	284 	0 	490 	398 	2444 	508 	543 	2632 	480 	428 	0 	0 	0 	0 	0 	0 	0 	0 	0 	0 	0 	0 	0 	0 	0 	0 	3492 	3291 	22 	68 
#record	138 	549 	418 	286 	0 	494 	402 	2465 	513 	548 	2656 	484 	432 	0 	0 	0 	0 	0 	0 	0 	0 	0 	0 	0 	0 	0 	0 	0 	0 	3522 	3321 	23 	69 
#record	139 	554 	421 	289 	0 	498 	405 	2483 	516 	553 	2676 	487 	436 	0 	0 	0 	0 	0 	0 	0 	0 	0 	0 	0 	0 	0 	0 	0 	0 	3548 	3345 	23 	69 
#record	140 	559 	425 	291 	0 	502 	409 	2504 	521 	558 	2699 	492 	439 	0 	0 	0 	0 	0 	0 	0 	0 	0 	0 	0 	0 	0 	0 	0 	0 	3578 	3375 	23 	70 
#record	141 	563 	428 	294 	0 	506 	412 	2522 	524 	562 	2719 	495 	443 	0 	0 	0 	0 	0 	0 	0 	0 	0 	0 	0 	0 	0 	0 	0 	0 	3603 	3399 	23 	70 
#record	142 	568 	432 	296 	0 	510 	415 	2543 	529 	567 	2738 	499 	447 	0 	0 	0 	0 	0 	0 	0 	0 	0 	0 	0 	0 	0 	0 	0 	0 	3634 	3424 	23 	71 
#record	143 	573 	435 	299 	0 	514 	419 	2561 	532 	572 	2762 	503 	451 	0 	0 	0 	0 	0 	0 	0 	0 	0 	0 	0 	0 	0 	0 	0 	0 	3659 	3453 	23 	71 
#record	144 	577 	439 	301 	0 	518 	422 	2582 	537 	577 	2781 	506 	455 	0 	0 	0 	0 	0 	0 	0 	0 	0 	0 	0 	0 	0 	0 	0 	0 	3689 	3477 	24 	72 
#record	145 	582 	442 	303 	0 	522 	425 	2600 	540 	582 	2801 	510 	458 	0 	0 	0 	0 	0 	0 	0 	0 	0 	0 	0 	0 	0 	0 	0 	0 	3715 	3502 	24 	72 
#record	146 	587 	446 	306 	0 	526 	429 	2621 	545 	586 	2825 	514 	462 	0 	0 	0 	0 	0 	0 	0 	0 	0 	0 	0 	0 	0 	0 	0 	0 	3745 	3531 	24 	73 
#record	147 	592 	449 	308 	0 	530 	432 	2639 	548 	591 	2844 	517 	466 	0 	0 	0 	0 	0 	0 	0 	0 	0 	0 	0 	0 	0 	0 	0 	0 	3771 	3556 	24 	73 
#record	148 	596 	453 	311 	0 	534 	436 	2660 	552 	596 	2868 	522 	470 	0 	0 	0 	0 	0 	0 	0 	0 	0 	0 	0 	0 	0 	0 	0 	0 	3801 	3585 	24 	74 
#record	149 	601 	457 	313 	0 	538 	439 	2681 	557 	601 	2887 	525 	473 	0 	0 	0 	0 	0 	0 	0 	0 	0 	0 	0 	0 	0 	0 	0 	0 	3831 	3610 	24 	74 
#record	150 	606 	460 	316 	0 	542 	442 	2699 	560 	606 	2907 	529 	477 	0 	0 	0 	0 	0 	0 	0 	0 	0 	0 	0 	0 	0 	0 	0 	0 	3857 	3634 	24 	75 
																																	
#end																																	
